#No. Label Name:                            R   G   B   A

0   Unknown                                 0   0   0   0
1   V1                                     101 55  22  0
2   V2                                     235 33  39  0
3   V3                                     153 33  105 0
4   hV4                                     247 153 32  0
5   VO1                                     52  38  100 0
6   VO2                                     242 235 21  0
7   LO1                                     18  104 155 0
8   LO2                                     51  103 52  0
9   TO1                                     152 154 55  0
10  TO2                                    205 106 41  0
11  V3b                                    153 28  32  0
12  V3a                                     27  56  100 0